0.4505403359371737
0.605181237047021
0.708573309527798
2.488095153398724
2.245197543085142
2.1417640208490414
2.092940806871484
2.069221672042512
0.6984886020387933
1.0101470750366914
1.2058003726623672
1.3418448573074027
1.4353517120754815
1.4999918319287908
2.513358788830954
2.3213158409124133
2.1600798627865814
2.076499593181208
2.0338379671049647
1.978747195491985
1.8298478412678765
1.7067900965932488
1.6513392498489274
1.6277112737463448
2.5395079020997793
2.394545377678892
1.7890561533972695
1.449893310881303
1.2248703462649035
1.087482868425325
1.0041228728332108
2.5068736571719956
2.288621854285143
1.2090655488778244
0.9353483209245983
0.7541860432516828
0.6369708221360728
0.5690771338809811
2.5529869052374106
2.3294874339972154
2.2183150790467168
2.1132509610003796
2.022758778975194
1.9403501823723197
1.8774261377070898
1.8326897945767562
1.794921468705954
1.7639817997494927
1.742010810099036
