0.1578588916212682
0.116596504738354
0.07742475256761815
-0.3560468846094043
-0.29687974082206914
-0.5412650735611666
-0.6772489877484312
-0.7698301371030815
0.6575838666699443
0.9431662411245857
1.1224494570383015
1.229698281008335
1.2886967126093294
1.3191002653040544
0.4744950629801167
0.6345560081065172
0.8327447210928014
0.9354802659549302
1.0061454693380154
1.097398450966163
1.3440370373869488
1.5478712873931588
1.678886584361804
1.7670673916566657
0.4859399867014311
0.6896207823438374
0.9599620653156373
1.111392865906537
1.2118620311913366
1.2732033491437371
1.3104222578429514
0.4709074004611926
0.5928342249775329
1.2955146597807938
1.4213526439623434
1.504639677089807
1.5585278713071746
1.6023998581449805
0.6080655249703728
0.7200833197859873
0.9060597039156504
1.0818178299779269
1.253815177318869
1.4104481559538558
1.5485223702465865
1.667794243743261
1.7684886382832803
1.8509771034457778
1.9201546464981936
