0.5664688230671143
0.687951646666866
0.7742953913589029
0.8264010591664996
0.8557685055665321
2.495628216771023
2.278708541312678
1.890166329966865
1.6236966476971757
1.4548849886883854
1.3488534874901732
1.2824726122775891
2.506999527533135
2.348182070462534
2.2247587898867387
2.1488201950648484
2.104332496002038
2.0789430448608015
1.984003352429278
1.4944057128396278
0.8695803022641935
1.2629636536816362
1.4724870389978715
1.5825306358921976
2.5026233133087197
2.271238187304328
1.8548942614962196
2.196508406209923
2.374844958545666
2.477804273202175
2.5022958754410247
2.489211886380289
2.338979638085042
2.249313411986146
1.8277604164340535
1.5404526381068917
0.5896954978485537
0.7584490704053884
0.8597135186889491
1.1083409926800547
1.242268851425499
1.3641365560360692
1.4338115068598813
2.508380866299854
2.274504438904755
2.020595752198967
1.8614380311126508
1.7919676888526295
2.4875545338211236
2.2812022335233104
2.1096917660312653
2.029602496038655
0.38778333797849057
0.556052407853221
0.7190396310999543
0.942786843727156
1.068264493133463
0.5026473644898133
0.6693583994184317
0.7622734488447136
0.8043067928277883
2.4923594513577134
2.2596592371225777
2.003467264254871
1.8317184512738647
1.7337037903768795
2.49426694974043
2.2501929479604468
1.9918158482620238
1.8241218235573222
1.72486898962877
2.500843026251542
2.2508454060713583
2.2595353004967684
2.279609642451341
2.4803692078946975
2.3639655778134196
2.141077681468615
1.980999170224808
1.8900109825920985
1.8261858147498207
1.7540404426474105
1.6152517253203946
1.5306271543404035
