0.7684794620691412
1.0297140952444375
1.2153862405175886
1.3274333975783932
1.3905846634139967
0.45104802986801273
0.5753293816431136
1.1126715072972497
1.4811910176928351
1.7146524358815798
1.8612907947944983
1.9530935373226845
0.46445018086714707
0.6575227457996817
0.9482897733418976
1.1271898916103793
1.2319963426975566
1.3115999722433411
1.4609703896329005
3.0939197272077137
0.1453535166467151
0.10705919657141219
0.08666292013609692
0.07595060934174112
-0.3004692433038995
-0.20580708896579125
0.13508782951011145
0.05621998985715225
0.015047752607829916
-0.008722278126446038
-0.47604988814740273
-0.22639250445875927
-0.26193358990104615
-0.2685969415223302
-0.2999237404585439
-0.3212743964838385
0.5904924028059106
0.7064735199202189
0.8266437561942717
0.40133924991541786
0.17224098926722867
0.07747200829132354
0.03135516436402237
-0.37447644775525224
-0.28614855460192845
-0.1240168243434252
-0.04659662924722349
0.0017045003808107903
-0.47403898263040195
-0.33290525823470285
-0.21083881473993393
-0.12827964167659206
0.37362024649824577
0.31875143100513914
0.26560490867208986
0.21060591308022475
0.19381903829471822
0.557358484118915
0.8447188777891805
1.004876873283965
1.1018244510218693
0.43892399861278175
0.530305672349489
0.4271093420628095
0.3579274429098436
0.3184462944349643
0.14983350140121346
0.20394340488573917
0.31693300603175695
0.3902664438173439
0.4224007732312378
0.41901492628169673
0.4201057536028834
0.23515096002977517
0.13813035786903083
-0.24345081231390708
-0.022203902948146614
0.0829168535215695
0.1584147808314621
0.20132759606554884
0.23142949946817942
0.2654554659543191
0.36307020420002184
0.4225894900934346
